0.000000e+00 0.000000e+00
1.256637e-01 1.453631e-01
2.513274e-01 2.817365e-01
3.769911e-01 4.081069e-01
5.026548e-01 5.235729e-01
6.283185e-01 6.273456e-01
7.539822e-01 7.187485e-01
8.796459e-01 7.972170e-01
1.005310e+00 8.622991e-01
1.130973e+00 9.136548e-01
1.256637e+00 9.510565e-01
1.382301e+00 1.020779e+00
1.507964e+00 1.059085e+00
1.633628e+00 1.069115e+00
1.759292e+00 1.053897e+00
1.884956e+00 1.016346e+00
2.010619e+00 9.592655e-01
2.136283e+00 8.853465e-01
2.261947e+00 7.971678e-01
2.387610e+00 6.971960e-01
2.513274e+00 5.877853e-01
2.638938e+00 4.855130e-01
2.764602e+00 3.728142e-01
2.890265e+00 2.526428e-01
3.015929e+00 1.277714e-01
3.141593e+00 7.907974e-04
3.267256e+00 -1.258898e-01
3.392920e+00 -2.500428e-01
3.518584e+00 -3.696223e-01
3.644247e+00 -4.827640e-01
3.769911e+00 -5.877853e-01
3.895575e+00 -7.207155e-01
4.021239e+00 -8.286735e-01
4.146902e+00 -9.129736e-01
4.272566e+00 -9.749301e-01
4.398230e+00 -1.015857e+00
4.523893e+00 -1.037070e+00
4.649557e+00 -1.039881e+00
4.775221e+00 -1.025607e+00
4.900885e+00 -9.955605e-01
5.026548e+00 -9.510565e-01
5.152212e+00 -9.309397e-01
5.277876e+00 -8.849625e-01
5.403539e+00 -8.168915e-01
5.529203e+00 -7.303113e-01
5.654867e+00 -6.286252e-01
5.780530e+00 -5.150545e-01
5.906194e+00 -3.926393e-01
6.031858e+00 -2.642377e-01
6.157522e+00 -1.325262e-01
6.283185e+00 -2.449294e-16
6.408849e+00 1.453631e-01
6.534513e+00 2.817365e-01
6.660176e+00 4.081069e-01
6.785840e+00 5.235729e-01
6.911504e+00 6.273456e-01
7.037168e+00 7.187485e-01
7.162831e+00 7.972170e-01
7.288495e+00 8.622991e-01
7.414159e+00 9.136548e-01
7.539822e+00 9.510565e-01
7.665486e+00 9.743888e-01
7.791150e+00 9.836486e-01
7.916813e+00 9.789450e-01
8.042477e+00 9.604993e-01
8.168141e+00 9.286453e-01
8.293805e+00 8.838288e-01
8.419468e+00 8.266080e-01
8.545132e+00 7.576534e-01
8.670796e+00 6.777475e-01
8.796459e+00 5.877853e-01
8.922123e+00 4.887739e-01
9.047787e+00 3.818329e-01
9.173451e+00 2.681940e-01
9.299114e+00 1.492010e-01
9.424778e+00 2.631023e-02
9.550442e+00 -9.890988e-02
9.676105e+00 -2.247786e-01
9.801769e+00 -3.495029e-01
9.927433e+00 -4.711777e-01
1.005310e+01 -5.877853e-01
1.017876e+01 -6.971960e-01
1.030442e+01 -7.971678e-01
1.043009e+01 -8.853465e-01
1.055575e+01 -9.592655e-01
1.068142e+01 -1.016346e+00
1.080708e+01 -1.053897e+00
1.093274e+01 -1.069115e+00
1.105841e+01 -1.059085e+00
1.118407e+01 -1.020779e+00
