0.000000e+00 0.000000e+00
1.256637e-01 1.542504e-01
2.513274e-01 2.953575e-01
3.769911e-01 4.233214e-01
5.026548e-01 5.381419e-01
6.283185e-01 6.398192e-01
7.539822e-01 7.283532e-01
8.796459e-01 8.037440e-01
1.005310e+00 8.659914e-01
1.130973e+00 9.150956e-01
1.256637e+00 9.510565e-01
1.382301e+00 9.512829e-01
1.507964e+00 9.433862e-01
1.633628e+00 9.273666e-01
1.759292e+00 9.032239e-01
1.884956e+00 8.709583e-01
2.010619e+00 8.305697e-01
2.136283e+00 7.820581e-01
2.261947e+00 7.254234e-01
2.387610e+00 6.606658e-01
2.513274e+00 5.877853e-01
2.638938e+00 4.336747e-01
2.764602e+00 2.876872e-01
2.890265e+00 1.498227e-01
3.015929e+00 2.008114e-02
3.141593e+00 -1.015374e-01
3.267256e+00 -2.150330e-01
3.392920e+00 -3.204055e-01
3.518584e+00 -4.176551e-01
3.644247e+00 -5.067817e-01
3.769911e+00 -5.877853e-01
3.895575e+00 -6.832571e-01
4.021239e+00 -7.655857e-01
4.146902e+00 -8.347710e-01
4.272566e+00 -8.908131e-01
4.398230e+00 -9.337119e-01
4.523893e+00 -9.634673e-01
4.649557e+00 -9.800796e-01
4.775221e+00 -9.835485e-01
4.900885e+00 -9.738741e-01
5.026548e+00 -9.510565e-01
5.152212e+00 -8.559509e-01
5.277876e+00 -7.608452e-01
5.403539e+00 -6.657396e-01
5.529203e+00 -5.706339e-01
5.654867e+00 -4.755283e-01
5.780530e+00 -3.804226e-01
5.906194e+00 -2.853170e-01
6.031858e+00 -1.902113e-01
6.157522e+00 -9.510565e-02
6.283185e+00 -2.449294e-16
6.408849e+00 1.542504e-01
6.534513e+00 2.953575e-01
6.660176e+00 4.233214e-01
6.785840e+00 5.381419e-01
6.911504e+00 6.398192e-01
7.037168e+00 7.283532e-01
7.162831e+00 8.037440e-01
7.288495e+00 8.659914e-01
7.414159e+00 9.150956e-01
7.539822e+00 9.510565e-01
7.665486e+00 9.512829e-01
7.791150e+00 9.433862e-01
7.916813e+00 9.273666e-01
8.042477e+00 9.032239e-01
8.168141e+00 8.709583e-01
8.293805e+00 8.305697e-01
8.419468e+00 7.820581e-01
8.545132e+00 7.254234e-01
8.670796e+00 6.606658e-01
8.796459e+00 5.877853e-01
8.922123e+00 4.336747e-01
9.047787e+00 2.876872e-01
9.173451e+00 1.498227e-01
9.299114e+00 2.008114e-02
9.424778e+00 -1.015374e-01
9.550442e+00 -2.150330e-01
9.676105e+00 -3.204055e-01
9.801769e+00 -4.176551e-01
9.927433e+00 -5.067817e-01
1.005310e+01 -5.877853e-01
1.017876e+01 -6.606658e-01
1.030442e+01 -7.254234e-01
1.043009e+01 -7.820581e-01
1.055575e+01 -8.305697e-01
1.068142e+01 -8.709583e-01
1.080708e+01 -9.032239e-01
1.093274e+01 -9.273666e-01
1.105841e+01 -9.433862e-01
1.118407e+01 -9.512829e-01
1.130973e+01 -9.510565e-01
1.143540e+01 -9.427072e-01
1.156106e+01 -9.262349e-01
1.168672e+01 -9.016395e-01
1.181239e+01 -8.689212e-01
1.193805e+01 -8.280799e-01
1.206372e+01 -7.791156e-01
1.218938e+01 -7.220284e-01
1.231504e+01 -6.568181e-01
1.244071e+01 -5.834848e-01
