0.000000e+00 0.000000e+00
1.256637e-01 9.510565e-02
2.513274e-01 1.902113e-01
3.769911e-01 2.853170e-01
5.026548e-01 3.804226e-01
6.283185e-01 4.755283e-01
7.539822e-01 5.706339e-01
8.796459e-01 6.657396e-01
1.005310e+00 7.608452e-01
1.130973e+00 8.559509e-01
1.256637e+00 9.510565e-01
1.382301e+00 9.147294e-01
1.507964e+00 8.784023e-01
1.633628e+00 8.420751e-01
1.759292e+00 8.057480e-01
1.884956e+00 7.694209e-01
2.010619e+00 7.330938e-01
2.136283e+00 6.967666e-01
2.261947e+00 6.604395e-01
2.387610e+00 6.241124e-01
2.513274e+00 5.877853e-01
2.638938e+00 4.702282e-01
2.764602e+00 3.526712e-01
2.890265e+00 2.351141e-01
3.015929e+00 1.175571e-01
3.141593e+00 1.110223e-16
3.267256e+00 -1.175571e-01
3.392920e+00 -2.351141e-01
3.518584e+00 -3.526712e-01
3.644247e+00 -4.702282e-01
3.769911e+00 -5.877853e-01
3.895575e+00 -6.241124e-01
4.021239e+00 -6.604395e-01
4.146902e+00 -6.967666e-01
4.272566e+00 -7.330938e-01
4.398230e+00 -7.694209e-01
4.523893e+00 -8.057480e-01
4.649557e+00 -8.420751e-01
4.775221e+00 -8.784023e-01
4.900885e+00 -9.147294e-01
5.026548e+00 -9.510565e-01
5.152212e+00 -8.559509e-01
5.277876e+00 -7.608452e-01
5.403539e+00 -6.657396e-01
5.529203e+00 -5.706339e-01
5.654867e+00 -4.755283e-01
5.780530e+00 -3.804226e-01
5.906194e+00 -2.853170e-01
6.031858e+00 -1.902113e-01
6.157522e+00 -9.510565e-02
6.283185e+00 -2.449294e-16
6.408849e+00 9.510565e-02
6.534513e+00 1.902113e-01
6.660176e+00 2.853170e-01
6.785840e+00 3.804226e-01
6.911504e+00 4.755283e-01
7.037168e+00 5.706339e-01
7.162831e+00 6.657396e-01
7.288495e+00 7.608452e-01
7.414159e+00 8.559509e-01
7.539822e+00 9.510565e-01
7.665486e+00 9.147294e-01
7.791150e+00 8.784023e-01
7.916813e+00 8.420751e-01
8.042477e+00 8.057480e-01
8.168141e+00 7.694209e-01
8.293805e+00 7.330938e-01
8.419468e+00 6.967666e-01
8.545132e+00 6.604395e-01
8.670796e+00 6.241124e-01
8.796459e+00 5.877853e-01
8.922123e+00 4.702282e-01
9.047787e+00 3.526712e-01
9.173451e+00 2.351141e-01
9.299114e+00 1.175571e-01
9.424778e+00 2.220446e-16
9.550442e+00 -1.175571e-01
9.676105e+00 -2.351141e-01
9.801769e+00 -3.526712e-01
9.927433e+00 -4.702282e-01
1.005310e+01 -5.877853e-01
1.017876e+01 -6.241124e-01
1.030442e+01 -6.604395e-01
1.043009e+01 -6.967666e-01
1.055575e+01 -7.330938e-01
1.068142e+01 -7.694209e-01
1.080708e+01 -8.057480e-01
1.093274e+01 -8.420751e-01
1.105841e+01 -8.784023e-01
1.118407e+01 -9.147294e-01
