0e0 0e0
1.2566370614359174e-1 9.510565162951536e-2
2.5132741228718347e-1 1.902113032590307e-1
3.769911184307752e-1 2.853169548885461e-1
5.026548245743669e-1 3.804226065180614e-1
6.283185307179586e-1 4.7552825814757677e-1
7.539822368615504e-1 5.706339097770922e-1
8.796459430051422e-1 6.657395614066076e-1
1.0053096491487339e0 7.608452130361228e-1
1.1309733552923256e0 8.559508646656382e-1
1.2566370614359172e0 9.510565162951535e-1
1.382300767579509e0 9.147293898948855e-1
1.5079644737231006e0 8.784022634946175e-1
1.6336281798666925e0 8.420751370943494e-1
1.7592918860102842e0 8.057480106940814e-1
1.8849555921538759e0 7.694208842938134e-1
2.0106192982974678e0 7.330937578935453e-1
2.1362830044410597e0 6.967666314932772e-1
2.261946710584651e0 6.604395050930092e-1
2.3876104167282426e0 6.241123786927414e-1
2.5132741228718345e0 5.877852522924732e-1
2.6389378290154264e0 4.7022820183397845e-1
2.764601535159018e0 3.5267115137548405e-1
2.8902652413026098e0 2.351141009169893e-1
3.015928947446201e0 1.1755705045849485e-1
3.141592653589793e0 1.1102230246251565e-16
3.267256359733385e0 -1.1755705045849463e-1
3.392920065876977e0 -2.3511410091698937e-1
3.5185837720205684e0 -3.526711513754839e-1
3.64424747816416e0 -4.702282018339784e-1
3.7699111843077517e0 -5.87785252292473e-1
3.8955748904513436e0 -6.241123786927412e-1
4.0212385965949355e0 -6.604395050930092e-1
4.146902302738527e0 -6.967666314932771e-1
4.2725660088821185e0 -7.330937578935453e-1
4.39822971502571e0 -7.694208842938133e-1
4.523893421169302e0 -8.057480106940814e-1
4.649557127312894e0 -8.420751370943496e-1
4.775220833456485e0 -8.784022634946174e-1
4.900884539600077e0 -9.147293898948855e-1
5.026548245743669e0 -9.510565162951536e-1
5.152211951887261e0 -8.559508646656382e-1
5.277875658030853e0 -7.608452130361227e-1
5.403539364174444e0 -6.65739561406608e-1
5.529203070318036e0 -5.706339097770924e-1
5.654866776461628e0 -4.75528258147577e-1
5.7805304826052195e0 -3.804226065180615e-1
5.906194188748811e0 -2.853169548885459e-1
6.031857894892402e0 -1.9021130325903113e-1
6.157521601035994e0 -9.510565162951568e-2
6.283185307179586e0 -2.4492935982947064e-16
6.408849013323178e0 9.510565162951524e-2
6.53451271946677e0 1.9021130325903074e-1
6.660176425610361e0 2.853169548885456e-1
6.785840131753953e0 3.804226065180611e-1
6.911503837897545e0 4.755282581475766e-1
7.037167544041137e0 5.706339097770922e-1
7.162831250184729e0 6.657395614066075e-1
7.28849495632832e0 7.608452130361224e-1
7.414158662471912e0 8.55950864665638e-1
7.5398223686155035e0 9.510565162951534e-1
7.665486074759095e0 9.147293898948854e-1
7.791149780902687e0 8.784022634946174e-1
7.916813487046278e0 8.420751370943496e-1
8.042477193189871e0 8.057480106940812e-1
8.168140899333462e0 7.694208842938134e-1
8.293804605477053e0 7.330937578935456e-1
8.419468311620646e0 6.967666314932772e-1
8.545132017764237e0 6.604395050930094e-1
8.67079572390783e0 6.241123786927412e-1
8.79645943005142e0 5.877852522924734e-1
8.922123136195012e0 4.702282018339794e-1
9.047786842338605e0 3.5267115137548377e-1
9.173450548482196e0 2.351141009169898e-1
9.299114254625788e0 1.1755705045849418e-1
9.42477796076938e0 2.220446049250313e-16
9.55044166691297e0 -1.1755705045849374e-1
9.676105373056563e0 -2.3511410091698925e-1
9.801769079200154e0 -3.5267115137548344e-1
9.927432785343747e0 -4.7022820183397895e-1
1.0053096491487338e1 -5.877852522924728e-1
1.0178760197630929e1 -6.241123786927407e-1
1.0304423903774522e1 -6.604395050930091e-1
1.0430087609918113e1 -6.96766631493277e-1
1.0555751316061706e1 -7.330937578935454e-1
1.0681415022205297e1 -7.694208842938133e-1
1.0807078728348888e1 -8.057480106940812e-1
1.093274243449248e1 -8.420751370943496e-1
1.1058406140636071e1 -8.784022634946175e-1
1.1184069846779664e1 -9.147293898948858e-1
