0.000000e+00 0.000000e+00
1.256637e-01 1.453632e-01
2.513274e-01 2.817366e-01
3.769911e-01 4.081070e-01
5.026549e-01 5.235729e-01
6.283185e-01 6.273457e-01
7.539822e-01 7.187483e-01
8.796459e-01 7.972172e-01
1.005310e+00 8.622993e-01
1.130973e+00 9.136549e-01
1.256637e+00 9.510565e-01
1.382301e+00 1.020779e+00
1.507964e+00 1.059085e+00
1.633628e+00 1.069115e+00
1.759292e+00 1.053897e+00
1.884956e+00 1.016346e+00
2.010619e+00 9.592654e-01
2.136283e+00 8.853465e-01
2.261947e+00 7.971680e-01
2.387610e+00 6.971960e-01
2.513274e+00 5.877852e-01
2.638938e+00 4.855129e-01
2.764602e+00 3.728140e-01
2.890265e+00 2.526427e-01
3.015929e+00 1.277713e-01
3.141593e+00 7.906668e-04
3.267256e+00 -1.258899e-01
3.392920e+00 -2.500430e-01
3.518584e+00 -3.696223e-01
3.644248e+00 -4.827640e-01
3.769911e+00 -5.877854e-01
3.895575e+00 -7.207156e-01
4.021239e+00 -8.286737e-01
4.146903e+00 -9.129736e-01
4.272566e+00 -9.749303e-01
4.398230e+00 -1.015857e+00
4.523893e+00 -1.037070e+00
4.649557e+00 -1.039882e+00
4.775221e+00 -1.025607e+00
4.900885e+00 -9.955606e-01
5.026548e+00 -9.510565e-01
5.152212e+00 -9.309396e-01
5.277876e+00 -8.849624e-01
5.403540e+00 -8.168913e-01
5.529203e+00 -7.303111e-01
5.654867e+00 -6.286249e-01
5.780530e+00 -5.150546e-01
5.906194e+00 -3.926393e-01
6.031858e+00 -2.642376e-01
6.157522e+00 -1.325261e-01
6.283185e+00 1.748456e-07
6.408849e+00 1.453634e-01
6.534513e+00 2.817369e-01
6.660177e+00 4.081071e-01
6.785841e+00 5.235732e-01
6.911504e+00 6.273455e-01
7.037168e+00 7.187486e-01
7.162831e+00 7.972170e-01
7.288495e+00 8.622993e-01
7.414159e+00 9.136549e-01
7.539823e+00 9.510566e-01
7.665486e+00 9.743888e-01
7.791150e+00 9.836487e-01
7.916813e+00 9.789450e-01
8.042478e+00 9.604993e-01
8.168140e+00 9.286455e-01
8.293804e+00 8.838291e-01
8.419468e+00 8.266082e-01
8.545132e+00 7.576535e-01
8.670795e+00 6.777477e-01
8.796459e+00 5.877854e-01
8.922123e+00 4.887741e-01
9.047787e+00 3.818331e-01
9.173450e+00 2.681940e-01
9.299114e+00 1.492011e-01
9.424778e+00 2.631021e-02
9.550442e+00 -9.890996e-02
9.676105e+00 -2.247787e-01
9.801769e+00 -3.495032e-01
9.927433e+00 -4.711778e-01
1.005310e+01 -5.877855e-01
1.017876e+01 -6.971962e-01
1.030442e+01 -7.971680e-01
1.043009e+01 -8.853468e-01
1.055575e+01 -9.592657e-01
1.068142e+01 -1.016346e+00
1.080708e+01 -1.053897e+00
1.093274e+01 -1.069115e+00
1.105841e+01 -1.059085e+00
1.118407e+01 -1.020779e+00
