0e0 0e0
1.2566370614359174e-1 1.4536311370962235e-1
2.5132741228718347e-1 2.817365455565194e-1
3.769911184307752e-1 4.0810685465945085e-1
5.026548245743669e-1 5.235728571313208e-1
6.283185307179586e-1 6.27345626079179e-1
7.539822368615504e-1 7.187484916042188e-1
8.796459430051422e-1 7.972170408017797e-1
1.0053096491487339e0 8.622991177613457e-1
1.1309733552923256e0 9.13654823566546e-1
1.2566370614359172e0 9.510565162951535e-1
1.382300767579509e0 1.0207790138494657e0
1.5079644737231006e0 1.0590852798697814e0
1.6336281798666925e0 1.069115382258221e0
1.7592918860102842e0 1.0538971319227606e0
1.8849555921538759e0 1.01634608277723e0
2.0106192982974678e0 9.592655317413159e-1
2.1362830044410597e0 8.853465187405598e-1
2.261946710584651e0 7.971678267063571e-1
2.3876104167282426e0 6.971959815759597e-1
2.5132741228718345e0 5.877852522924732e-1
2.6389378290154264e0 4.855130118519472e-1
2.764601535159018e0 3.728141543877003e-1
2.8902652413026098e0 2.52642789471466e-1
3.015928947446201e0 1.2777139104297688e-1
3.141592653589793e0 7.907974099633092e-4
3.267256359733385e0 -1.2588978875184453e-1
3.392920065876977e0 -2.500428003987184e-1
3.5185837720205684e0 -3.69622306118931e-1
3.64424747816416e0 -4.8276401013275727e-1
3.7699111843077517e0 -5.87785252292473e-1
3.8955748904513436e0 -7.20715470544632e-1
4.0212385965949355e0 -8.286734609711321e-1
4.146902302738527e0 -9.129735513522707e-1
4.2725660088821185e0 -9.749300694683464e-1
4.39822971502571e0 -1.0158573430996571e0
4.523893421169302e0 -1.0370697000265e0
4.649557127312894e0 -1.0398814680291737e0
4.775220833456485e0 -1.0256069748879746e0
4.900884539600077e0 -9.955605483832025e-1
5.026548245743669e0 -9.510565162951536e-1
5.152211951887261e0 -9.309396688664034e-1
5.277875658030853e0 -8.849625188428691e-1
5.403539364174444e0 -8.168914750368672e-1
5.529203070318036e0 -7.303113106287112e-1
5.654866776461628e0 -6.286251631667151e-1
5.7805304826052195e0 -5.150545345671905e-1
5.906194188748811e0 -3.9263929111444806e-1
6.031857894892402e0 -2.6423766346079786e-1
6.157521601035994e0 -1.3252624662654613e-1
6.283185307179586e0 -2.4492935982947064e-16
6.408849013323178e0 1.4536311370962232e-1
6.53451271946677e0 2.8173654555651984e-1
6.660176425610361e0 4.081068546594502e-1
6.785840131753953e0 5.235728571313205e-1
6.911503837897545e0 6.273456260791788e-1
7.037167544041137e0 7.187484916042188e-1
7.162831250184729e0 7.972170408017798e-1
7.28849495632832e0 8.622991177613453e-1
7.414158662471912e0 9.136548235665458e-1
7.5398223686155035e0 9.510565162951534e-1
7.665486074759095e0 9.743888110190874e-1
7.791149780902687e0 9.83648579804411e-1
7.916813487046278e0 9.789449517113329e-1
8.042477193189871e0 9.604993127942063e-1
8.168140899333462e0 9.286453061015296e-1
8.293804605477053e0 8.838288316759462e-1
8.419468311620646e0 8.266080465542428e-1
8.545132017764237e0 7.57653364767354e-1
8.67079572390783e0 6.777474573403561e-1
8.79645943005142e0 5.877852522924734e-1
8.922123136195012e0 4.887739346370729e-1
9.047786842338605e0 3.8183294638166515e-1
9.173450548482196e0 2.681939865279109e-1
9.299114254625788e0 1.4920101107160913e-1
9.42477796076938e0 2.631023300271041e-2
9.55044166691297e0 -9.890987769469482e-2
9.676105373056563e0 -2.247785940423717e-1
9.801769079200154e0 -3.4950293206793426e-1
9.927432785343747e0 -4.711776508048599e-1
1.0053096491487338e1 -5.877852522924728e-1
1.0178760197630929e1 -6.971959815759589e-1
1.0304423903774522e1 -7.97167826706357e-1
1.0430087609918113e1 -8.853465187405595e-1
1.0555751316061706e1 -9.592655317413162e-1
1.0681415022205297e1 -1.01634608277723e0
1.0807078728348888e1 -1.05389713192276e0
1.093274243449248e1 -1.0691153822582207e0
1.1058406140636071e1 -1.0590852798697816e0
1.1184069846779664e1 -1.0207790138494657e0
