1.143540e+01 -8.559509e-01
1.156106e+01 -7.608452e-01
1.168672e+01 -6.657396e-01
1.181239e+01 -5.706339e-01
1.193805e+01 -4.755283e-01
1.206372e+01 -3.804226e-01
1.218938e+01 -2.853170e-01
1.231504e+01 -1.902113e-01
1.244071e+01 -9.510565e-02
1.256637e+01 -4.440892e-16
2.307408e-314 4.940656e-324
2.307407e-314 0.000000e+00
2.229357e-314 4.940656e-324
2.307407e-314 0.000000e+00
2.307409e-314 9.881313e-324
2.307408e-314 4.940656e-324
2.307407e-314 0.000000e+00
2.229357e-314 4.940656e-324
2.307407e-314 0.000000e+00
2.234660e-314 4.940656e-324
2.229357e-314 4.940656e-324
2.234660e-314 4.940656e-324
2.307407e-314 0.000000e+00
2.234660e-314 4.940656e-324
2.307411e-314 9.881313e-324
2.307411e-314 9.881313e-324
2.307408e-314 0.000000e+00
2.307411e-314 4.940656e-324
2.307408e-314 4.940656e-324
2.307408e-314 4.940656e-324
2.307411e-314 4.940656e-324
2.229650e-314 9.881313e-324
2.229962e-314 4.940656e-324
2.307408e-314 1.482197e-323
2.307408e-314 4.940656e-324
2.307408e-314 4.940656e-324
2.307408e-314 4.940656e-324
2.307407e-314 0.000000e+00
2.307439e-314 0.000000e+00
2.307439e-314 0.000000e+00
2.307407e-314 0.000000e+00
2.307408e-314 9.881313e-324
2.307407e-314 0.000000e+00
2.307407e-314 0.000000e+00
2.307407e-314 0.000000e+00
2.307407e-314 0.000000e+00
2.307408e-314 4.940656e-324
2.307408e-314 4.940656e-324
2.307408e-314 4.940656e-324
2.307407e-314 0.000000e+00
2.307407e-314 0.000000e+00
2.307408e-314 0.000000e+00
2.307408e-314 4.940656e-324
2.307408e-314 9.881313e-324
2.230652e-314 0.000000e+00
2.229593e-314 4.940656e-324
2.307408e-314 4.940656e-324
2.307407e-314 0.000000e+00
2.307407e-314 0.000000e+00
2.307439e-314 0.000000e+00
2.307439e-314 0.000000e+00
2.307407e-314 0.000000e+00
2.307407e-314 0.000000e+00
2.307407e-314 0.000000e+00
2.307411e-314 4.940656e-324
2.307407e-314 0.000000e+00
2.307411e-314 9.881313e-324
2.229650e-314 9.881313e-324
2.307408e-314 9.881313e-324
2.307407e-314 1.482197e-323
2.307407e-314 1.976263e-323
2.307408e-314 4.940656e-324
2.307439e-314 0.000000e+00
2.307439e-314 0.000000e+00
2.307408e-314 4.940656e-324
2.307439e-314 0.000000e+00
2.307408e-314 4.940656e-324
2.307408e-314 4.940656e-324
2.307439e-314 0.000000e+00
2.318349e-314 4.940656e-324
2.307439e-314 0.000000e+00
2.318349e-314 4.940656e-324
2.307407e-314 0.000000e+00
2.307407e-314 0.000000e+00
2.307407e-314 0.000000e+00
2.307408e-314 4.940656e-324
2.307408e-314 4.940656e-324
2.307407e-314 0.000000e+00
0.000000e+00 0.000000e+00
0.000000e+00 0.000000e+00
